NumNodes,K,EppDist,EppPath,LazyDist,LazyPath
92,64,0.120116,0.16129,0.106876,0.136121
92,128,0.136496,0.186721,0.116585,0.166934
92,256,0.168937,0.248826,0.148716,0.229201
92,512,0.249855,0.374339,0.237393,0.354053
92,1024,0.401602,0.631054,0.391272,0.618513
92,2048,0.680083,1.119,0.671968,1.10386
92,4096,1.28201,2.29649,1.2733,2.20279
92,8192,2.59302,4.63021,2.52511,4.37117
188,64,0.263751,0.284937,0.170981,0.228382
188,128,0.253111,0.31927,0.196053,0.267577
188,256,0.299369,0.387866,0.235498,0.331872
188,512,0.364953,0.526782,0.30629,0.477857
188,1024,0.507879,0.798123,0.464497,0.730322
188,2048,0.818684,1.35376,0.789004,1.28643
188,4096,1.45031,2.43271,1.4267,2.36576
188,8192,3.06187,4.96469,3.05359,5.09615
380,64,0.490877,0.553282,0.316595,0.415811
380,128,0.509348,0.557301,0.343569,0.457404
380,256,0.551176,0.668854,0.384335,0.539332
380,512,0.621233,0.824173,0.459467,0.700252
380,1024,0.770042,1.11961,0.630645,0.999209
380,2048,1.08509,1.72319,0.94889,1.55869
380,4096,1.87236,3.2733,1.68369,3.0718
380,8192,3.47105,7.01001,3.21076,6.88434
764,64,1.00901,1.11715,0.622955,0.799617
764,128,1.03336,1.14255,0.650939,0.857823
764,256,1.06494,1.24774,0.688176,0.956744
764,512,1.1552,1.43844,0.788147,1.15717
764,1024,1.29908,1.81519,0.961553,1.53426
764,2048,1.62884,2.53782,1.27061,2.25803
764,4096,2.46234,5.11963,2.05484,4.63747
764,8192,4.05483,9.73437,3.59229,9.18007
1532,64,2.41747,2.47783,1.38862,1.44696
1532,128,2.43626,2.50387,1.42431,1.51938
1532,256,2.47853,2.63301,1.46801,1.66285
1532,512,2.55245,2.89363,1.56179,1.93573
1532,1024,2.69483,3.92658,1.76238,2.43943
1532,2048,3.1266,5.7425,2.14157,4.48988
1532,4096,4.00349,8.99094,2.87602,7.69025
1532,8192,5.65145,16.3608,4.73367,14.4532
3068,64,5.09602,5.71513,2.85692,2.94793
3068,128,5.12904,5.8082,2.90273,3.06894
3068,256,5.171,6.12279,2.93752,3.27811
3068,512,5.26197,6.77254,3.02214,3.70783
3068,1024,5.55126,8.48555,3.20778,5.50628
3068,2048,6.08637,11.5623,3.68247,8.30004
3068,4096,7.01912,17.4183,4.82013,13.9368
3068,8192,8.65836,29.1602,6.43391,25.6027
6140,64,11.5462,12.673,5.78976,6.68989
6140,128,11.4869,12.9143,5.82936,6.84721
6140,256,11.6724,13.2207,5.92267,7.24647
6140,512,11.982,15.3127,6.20229,8.66807
6140,1024,12.2558,18.2889,6.78821,11.2795
6140,2048,12.6931,23.7936,7.63636,16.7809
6140,4096,13.5479,34.279,8.42932,27.391
6140,8192,15.3978,56.156,10.138,48.7183
12284,64,28.3002,30.6466,13.5894,15.556
12284,128,28.5116,31.4691,13.7888,16.0229
12284,256,28.5045,33.4816,14.3511,17.6842
12284,512,28.5621,36.321,14.4244,20.023
12284,1024,28.6973,41.6887,14.712,24.8297
12284,2048,29.104,51.8271,15.1629,34.8705
12284,4096,29.8141,71.9001,15.9089,55.062
12284,8192,31.5963,115.788,17.9271,98.7768
24572,64,68.4131,76.2674,32.4389,35.1574
24572,128,68.8718,77.5482,32.4646,36.7168
24572,256,69.2462,80.9444,32.5102,38.9181
24572,512,68.3929,85.8954,32.7352,43.4149
24572,1024,69.2886,95.5616,32.9084,51.9111
24572,2048,69.1152,114.642,34.832,71.1853
24572,4096,69.2222,155.734,34.1102,112.262
24572,8192,71.3483,237.199,36.131,193.22
49148,64,150.333,166.944,76.7154,81.7631
49148,128,150.212,173.029,76.8494,85.5408
49148,256,149.07,175.373,77.5183,89.6439
49148,512,149.107,186.823,76.9627,98.0306
49148,1024,150.418,205.456,77.7382,115.054
49148,2048,149.429,243.651,81.0512,155.408
49148,4096,152.765,323.935,80.1809,233.966
49148,8192,152.387,478.382,82.9678,390.637
98300,64,330.901,362.924,170.848,181.016
98300,128,327.16,367.984,170.743,188.08
98300,256,327.161,379.773,170.388,195.754
98300,512,325.982,399.889,170.102,212.868
98300,1024,326.176,438.443,171.668,246.214
98300,2048,330.612,515.048,170.417,323.691
98300,4096,329.205,667.009,171.543,477.167
98300,8192,331.391,971.992,180.508,780.246
196604,64,693.699,755.242,368.454,390.39
196604,128,692.997,780.425,369.647,401.896
196604,256,684.233,794.295,369.275,416.99
196604,512,689.964,822.994,369.808,448.317
196604,1024,693.047,906.001,371.315,512.908
196604,2048,695.81,1044.69,385.073,657.068
196604,4096,695.179,1338.12,371.766,947.855
196604,8192,698.997,1903.46,387.085,1524.79
393212,64,1480.97,1602.36,801.781,837.895
393212,128,1478.73,1626.55,798.73,849.208
393212,256,1470.42,1666.86,797.3,881.702
393212,512,1503.4,1740.2,802.574,947.2
393212,1024,1475.15,1898.25,799.266,1075.35
393212,2048,1603.8,2179.89,799.756,1370.31
393212,4096,1651.74,2768.76,828.022,1947.98
393212,8192,1618.6,3949.57,802.642,3127.5
786428,64,3122.69,3359.62,1722.5,1796.07
786428,128,3118.36,3408.17,1721.64,1824.88
786428,256,3099.96,3512.14,1722.36,1893.38
786428,512,3133.81,3588.8,1717.75,2019.26
786428,1024,3058.35,3944.37,1719.67,2274.39
786428,2048,3133.46,4486.25,1720.31,2840.74
786428,4096,3092.26,5672.11,1728.1,4003.69
786428,8192,3095.29,7986.79,1728.31,6299.68
1572860,64,6603.73,7192.7,3650.24,3806.28
1572860,128,6615.77,7276.03,3628.68,3872
1572860,256,6628.88,7446.97,3649.82,4020.89
1572860,512,6598.18,7749.01,3637.7,4320.24
1572860,1024,6558.25,8410.19,3641.59,4919.67
1572860,2048,6544.09,9756.11,3645.22,6204.22
1572860,4096,6573.57,12438.9,3642.5,8865.29
