NumNodes,K,EppDist,EppPath,LazyDist,LazyPath
92,64,0.125272,0.174265,0.108566,0.127238
92,128,0.136556,0.168254,0.126958,0.147703
92,256,0.175697,0.213968,0.166444,0.194501
92,512,0.253076,0.308152,0.241639,0.281568
92,1024,0.41711,0.489914,0.408159,0.460181
92,2048,0.695852,0.86781,0.687909,0.871002
92,4096,1.30468,1.66793,1.28598,1.53511
92,8192,2.53116,3.27218,2.54246,3.07444
188,64,0.264451,0.273486,0.170868,0.219161
188,128,0.272763,0.301102,0.194155,0.244567
188,256,0.293879,0.348984,0.232654,0.293892
188,512,0.377273,0.45609,0.32427,0.39644
188,1024,0.51859,0.619037,0.465201,0.555396
188,2048,0.823064,0.982028,0.788354,0.940718
188,4096,1.4606,1.70172,1.43732,1.66396
188,8192,2.79053,3.27956,2.78112,3.19413
380,64,0.55,0.538366,0.319602,0.40211
380,128,0.570347,0.562318,0.342324,0.431227
380,256,0.541995,0.582511,0.386001,0.488078
380,512,0.624028,0.716326,0.470494,0.589697
380,1024,0.78862,0.911875,0.636735,0.783848
380,2048,1.09816,1.29644,0.95559,1.1237
380,4096,1.75551,2.0519,1.62015,1.92073
380,8192,3.42691,4.36473,2.98594,4.05705
764,64,1.15357,1.10021,0.62697,0.780009
764,128,1.17018,1.13429,0.65662,0.825639
764,256,1.07108,1.18746,0.695375,0.886202
764,512,1.15437,1.29147,0.789242,1.00332
764,1024,1.30879,1.50772,0.966185,1.2264
764,2048,1.6187,1.86959,1.29328,1.64523
764,4096,2.26707,2.78249,1.92506,2.38035
764,8192,3.97412,5.52179,3.64203,4.67376
1532,64,2.41486,2.47109,1.39701,1.41624
1532,128,2.42074,2.45354,1.41634,1.45491
1532,256,2.46916,2.50186,1.46625,1.53739
1532,512,2.53602,2.62146,1.55784,1.67483
1532,1024,2.68535,2.88537,1.7294,1.9383
1532,2048,3.0182,3.39746,2.07549,2.48644
1532,4096,3.9535,4.95695,2.9732,3.53357
1532,8192,5.92077,9.74585,4.9878,7.83656
3068,64,5.22519,5.76065,2.95753,2.97254
3068,128,5.13228,5.68571,2.91245,2.9664
3068,256,5.18784,5.78712,2.93441,3.05922
3068,512,5.25958,6.01835,3.02355,3.24397
3068,1024,5.45486,6.51442,3.23102,3.57282
3068,2048,5.93909,7.67556,3.66835,4.29545
3068,4096,6.99417,10.3103,4.79318,7.03831
3068,8192,8.6479,16.2095,6.37974,12.473
6140,64,11.4384,12.4294,5.8227,6.5414
6140,128,11.4934,12.5838,5.87188,6.63055
6140,256,11.6072,12.7225,5.94969,6.79361
6140,512,11.8398,13.1844,6.14991,7.09519
6140,1024,12.1685,13.9718,6.73997,7.78176
6140,2048,12.6028,16.9485,7.53147,10.0421
6140,4096,13.5257,20.8533,8.31245,13.7026
6140,8192,15.2767,29.045,10.0281,20.8503
12284,64,28.3503,30.9383,13.6695,15.1729
12284,128,28.3391,30.9964,13.696,15.3519
12284,256,28.5437,31.5716,14.3503,15.7089
12284,512,28.5843,31.888,14.3146,16.4046
12284,1024,28.7954,34.7175,14.6174,18.714
12284,2048,29.1543,37.7141,15.0558,21.4714
12284,4096,29.666,44.4006,15.8461,27.258
12284,8192,31.9219,59.1994,17.8623,39.6666
24572,64,68.2242,75.892,32.2813,34.4904
24572,128,68.5345,75.5453,32.4808,34.918
24572,256,68.7411,75.6924,32.5077,35.6075
24572,512,68.1729,78.9013,32.6799,37.7667
24572,1024,68.73,81.9121,32.89,40.2819
24572,2048,69.0039,87.3287,33.1886,45.2476
24572,4096,69.1305,98.9418,34.1469,55.9169
24572,8192,70.9086,124.596,36.0899,78.5208
49148,64,151.76,165.357,76.2915,79.8763
49148,128,148.939,165.917,76.4511,80.5592
49148,256,148.19,166.132,76.1979,81.6906
49148,512,150.315,170.153,77.6894,85.6094
49148,1024,149.417,176.225,76.8462,90.2626
49148,2048,151.604,186.777,77.2644,99.8858
49148,4096,151.451,207.524,78.5861,119.729
49148,8192,153.688,267.581,82.386,177.601
98300,64,327.639,355.182,169.533,176.459
98300,128,325.809,356.747,168.579,178.014
98300,256,325.566,356.639,169.466,179.289
98300,512,325.387,363.953,169.047,185.894
98300,1024,326.051,376.16,170.02,196.057
98300,2048,329.889,397.324,170.494,215.151
98300,4096,328.655,448.12,170.798,260.359
98300,8192,332.763,546.46,177.797,362.179
196604,64,688.351,754.135,368.117,381.659
196604,128,693.261,744.539,368.045,384.294
196604,256,691.023,755.846,368.797,387.567
196604,512,693.818,767.803,369.223,400.633
196604,1024,692.755,788.451,369.558,419.882
196604,2048,679.817,818.409,369.311,459.183
196604,4096,693.205,925.903,370.905,543.726
196604,8192,700.832,1102.74,382.904,721.659
393212,64,1481.83,1595.46,797.853,822.351
393212,128,1469.71,1603.48,798.712,826.532
393212,256,1453.09,1580.93,795.129,832.793
393212,512,1471.57,1623.23,797.142,860.308
393212,1024,1467.81,1676.45,802.977,900.242
393212,2048,1479.17,1758.8,799.647,977.752
393212,4096,1600.03,1928.43,797.526,1141.93
393212,8192,1521.67,2291.58,804.2,1484.65
786428,64,3063.54,3389.27,1711.92,1773.01
786428,128,3061.6,3363.18,1704.88,1786.87
786428,256,3078.67,3366.24,1705.13,1826.5
786428,512,3124.99,3504.06,1709.8,1894.17
786428,1024,3116.58,3621.57,1709.63,2015.55
786428,2048,3133.15,3835.27,1707.68,2257.82
786428,4096,3091.28,4382.35,1708.56,2743.54
786428,8192,3060.95,5432.96,1709.55,3746.64
1572860,64,6524.17,7144.21,3678.16,3796.67
1572860,128,6567.5,7167.37,3671.44,3827.31
1572860,256,6592.84,7265.28,3657.93,3923.73
1572860,512,6552.06,7380.36,3677.04,4086
1572860,1024,6592.93,7740.52,3655.27,4409.2
1572860,2048,6590.75,8334.86,3654.77,5029.76
1572860,4096,6544.13,9644.33,3653.17,6273.57
