NumNodes,K,EppDist,EppPath,LazyDist,LazyPath
92,64,0.152664,0.204855,0.125788,0.14721
92,128,0.165695,0.272185,0.149636,0.181164
92,256,0.210599,0.250063,0.195981,0.221538
92,512,0.31722,0.352583,0.293048,0.320914
92,1024,0.500072,0.580477,0.572916,0.513355
92,2048,0.838404,0.96264,0.822049,1.03731
92,4096,1.60548,1.86269,1.53166,1.85405
92,8192,3.12956,3.09631,3.07211,3.02935
188,64,0.320872,0.322189,0.201591,0.253705
188,128,0.337885,0.351542,0.315493,0.290297
188,256,0.354576,0.4057,0.284419,0.333149
188,512,0.479997,0.509348,0.406538,0.585657
188,1024,0.687845,0.738599,0.646481,0.786195
188,2048,1.04118,1.11276,1.01933,1.16059
188,4096,1.94214,1.82225,1.69723,1.78893
188,8192,3.23654,3.47491,3.21561,3.26314
380,64,0.725958,0.657844,0.474358,0.508896
380,128,0.744366,0.675615,0.423436,0.523822
380,256,0.75609,0.693634,0.506103,0.587784
380,512,0.853746,0.841597,0.622446,0.752481
380,1024,1.04978,1.04892,0.854996,0.875407
380,2048,1.50244,1.49558,1.38462,1.38332
380,4096,2.17875,2.24878,2.0665,2.1244
380,8192,4.01269,4.84604,3.8462,4.13154
764,64,1.53118,1.27995,0.816318,0.973713
764,128,1.48791,1.28165,0.834148,1.00517
764,256,1.56297,1.4143,0.881042,1.05428
764,512,1.51414,1.49293,1.03658,1.15671
764,1024,1.86234,1.73412,1.34678,1.41648
764,2048,1.94237,2.07444,1.52588,1.78958
764,4096,2.691,2.99157,2.22548,2.54576
764,8192,4.64321,5.5719,3.84829,4.43678
1532,64,2.96555,2.89058,1.6554,1.68402
1532,128,2.92837,2.89355,1.68142,1.72922
1532,256,3.04098,2.96916,1.73131,1.77042
1532,512,3.04907,3.08573,1.84861,1.98223
1532,1024,3.21839,3.31964,2.08441,2.13436
1532,2048,3.63304,3.80533,2.43986,2.89094
1532,4096,4.39033,4.83768,3.48673,3.35808
1532,8192,6.18043,8.28419,5.13193,5.87124
3068,64,5.6913,6.06792,3.36525,3.06845
3068,128,5.72709,5.96432,3.41087,3.0902
3068,256,5.72822,6.03713,3.56055,3.14653
3068,512,5.81369,6.24469,3.56294,3.29936
3068,1024,5.99531,6.53615,3.80075,4.13964
3068,2048,6.39837,7.40177,4.29285,4.40193
3068,4096,7.1076,9.25605,5.20839,6.09111
3068,8192,8.61958,14.776,6.30995,10.2571
6140,64,11.7538,12.7848,6.23309,6.79327
6140,128,11.6266,12.8122,6.27565,6.83265
6140,256,11.7622,13.2101,6.35878,6.96483
6140,512,11.9121,13.4547,6.5262,7.18122
6140,1024,12.1882,13.9934,6.96432,7.85106
6140,2048,12.6306,15.7583,7.66308,9.86745
6140,4096,13.6121,19.6404,8.3379,12.5249
6140,8192,15.3222,27.5116,10.0688,18.6055
12284,64,28.3982,31.401,13.8169,16.7363
12284,128,28.7368,31.6185,13.9855,16.8112
12284,256,28.7048,31.6821,14.1258,17.1696
12284,512,28.7591,31.8996,14.4563,18.2968
12284,1024,28.9241,32.8168,14.7575,19.3743
12284,2048,28.825,37.0767,15.1715,21.064
12284,4096,29.9205,42.3127,15.9522,25.7855
12284,8192,31.8875,55.3737,17.987,35.3042
24572,64,68.0982,75.9822,32.3884,35.2515
24572,128,68.835,75.9314,32.5438,35.5749
24572,256,68.7744,76.7003,32.5453,36.0968
24572,512,68.9198,77.8581,32.8399,37.3526
24572,1024,68.931,80.3894,32.9981,40.1112
24572,2048,68.4182,84.8363,33.3079,44.384
24572,4096,69.3935,94.2835,34.1717,52.6857
24572,8192,71.9456,115.915,36.3044,69.5746
49148,64,149.347,168.442,77.045,81.8222
49148,128,151.32,167.796,77.0414,82.9451
49148,256,149.231,168.231,77.0649,84.1235
49148,512,150.243,169.654,77.2272,85.9294
49148,1024,151.955,175.298,77.7169,90.9225
49148,2048,152.096,181.579,77.9825,98.3531
49148,4096,150.84,198.781,79.5397,114.753
49148,8192,154.04,239.603,80.4061,147.778
98300,64,326.343,359.503,168.789,178.286
98300,128,329.851,358.288,169.474,179.081
98300,256,325.575,359.917,169.493,181.655
98300,512,328.541,362.034,169.992,184.858
98300,1024,328.435,373.238,169.234,193.806
98300,2048,329.397,390.882,169.77,209.218
98300,4096,328.986,421.778,170.446,241.537
98300,8192,331.584,507.897,172.843,317.877
196604,64,704.742,746.533,372.64,389.548
196604,128,688.177,760.48,373.132,390.956
196604,256,693.303,760.022,373.622,394.17
196604,512,692.439,765.39,373.283,400.985
196604,1024,693.359,785.943,375.565,420.819
196604,2048,691.708,817.698,373.804,453.026
196604,4096,681.041,877.697,375.211,520.046
196604,8192,703.788,1053.86,376.699,663.333
393212,64,1482.89,1604.97,792.463,825.865
393212,128,1458.14,1606.83,791.722,830.607
393212,256,1469.25,1609.55,792.45,838.571
393212,512,1464.91,1618.86,794.359,857.376
393212,1024,1471.74,1678.04,799.042,912.125
393212,2048,1476.79,1758.79,797.071,990.979
393212,4096,1471.22,1941.82,800.492,1162.8
393212,8192,1465.51,2321.29,797.581,1509.8
786428,64,3109.11,3351.75,1719.39,1790.38
786428,128,3111.69,3368.55,1720.4,1811.08
786428,256,3097.25,3387.78,1714.31,1850.4
786428,512,3106.22,3517.65,1718.05,1948.97
786428,1024,3123.55,3676.41,1715.49,2104.4
786428,2048,3135.24,4039.25,1720.19,2433.85
786428,4096,3113.41,4628.94,1718.15,3056.31
786428,8192,3093.64,5881.08,1719.3,4284.25
1572860,64,6547.07,7194.63,3671.19,3828.46
1572860,128,6585.12,7156.7,3665.37,3863.39
1572860,256,6525.25,7222.17,3676.52,3956.33
1572860,512,6574.45,7478.03,3660.73,4134.62
1572860,1024,6566.32,7793.64,3648.06,4501.03
1572860,2048,6608.97,8507.68,3668.04,5206.76
1572860,4096,6569.53,9938.27,3672.56,6593.2