NumNodes,K,EppDist,EppPath,LazyDist,LazyPath
92,64,0.135425,0.577616,0.113765,0.173555
92,128,0.141507,0.198207,0.131078,0.17643
92,256,0.177312,0.244213,0.168015,0.223221
92,512,0.264676,0.348493,0.254747,0.331448
92,1024,0.427829,0.524212,0.413992,0.514268
92,2048,0.697423,0.830924,0.698028,0.819304
92,4096,1.49958,1.65505,1.52452,1.67366
92,8192,2.82723,3.22614,2.88054,3.25654
188,64,0.268742,0.302736,0.193069,0.239827
188,128,0.287049,0.328211,0.218494,0.276981
188,256,0.314052,0.377518,0.254164,0.332238
188,512,0.381659,0.469299,0.337215,0.424237
188,1024,0.528976,0.64526,0.480421,0.607877
188,2048,0.84103,0.99417,0.808618,0.970935
188,4096,1.46725,1.6949,1.4507,1.66435
188,8192,2.77217,3.32234,2.77646,3.3212
380,64,0.555748,0.568501,0.357222,0.43594
380,128,0.570531,0.593197,0.379557,0.463515
380,256,0.597789,0.645064,0.419053,0.525159
380,512,0.642036,0.746959,0.477806,0.624572
380,1024,0.807055,0.925549,0.639028,0.815566
380,2048,1.1138,1.30117,0.988028,1.19901
380,4096,1.76771,2.045,1.65594,1.90855
380,8192,3.12168,3.7757,3.00915,3.5066
764,64,1.1554,1.13978,0.65028,0.817366
764,128,1.05347,1.14598,0.662323,0.860527
764,256,1.08036,1.17654,0.703584,0.922043
764,512,1.16382,1.26215,0.811396,1.0596
764,1024,1.31961,1.52042,0.98369,1.25202
764,2048,1.63707,1.86377,1.32226,1.63239
764,4096,2.29192,2.65041,1.9718,2.30864
764,8192,3.69884,4.65779,3.34771,4.08494
1532,64,2.4574,2.45863,1.40139,1.45347
1532,128,2.45049,2.50039,1.41892,1.49441
1532,256,2.46865,2.55549,1.4727,1.57345
1532,512,2.55467,2.68469,1.56955,1.71286
1532,1024,2.72246,2.90962,1.74725,1.95729
1532,2048,3.08625,3.34372,2.0962,2.42642
1532,4096,3.79107,4.32715,2.79846,3.3477
1532,8192,5.55565,7.37912,4.3976,5.58638
3068,64,5.12182,5.59766,2.85838,2.95786
3068,128,5.12909,5.67866,2.88885,2.99364
3068,256,5.16974,5.81663,3.14602,3.07694
3068,512,5.22333,5.86905,3.00472,3.20395
3068,1024,5.50949,6.27793,3.21607,3.50235
3068,2048,5.98124,7.09002,3.69591,4.13556
3068,4096,6.81763,8.85052,4.7118,5.64578
3068,8192,8.64192,14.5747,6.42206,10.6291
6140,64,11.6748,12.6752,5.88417,6.89878
6140,128,11.5322,12.6345,5.93236,6.67023
6140,256,11.6391,12.7342,6.04797,6.87001
6140,512,11.8335,13.1028,6.23937,7.04119
6140,1024,12.192,13.5115,6.69749,7.59334
6140,2048,12.5231,15.0118,7.44357,9.05383
6140,4096,13.4124,19.0466,8.32199,12.1849
6140,8192,15.2072,27.0786,9.98629,18.5751
12284,64,28.1708,31.086,13.8169,15.3606
12284,128,28.1794,31.0632,13.895,15.513
12284,256,28.4272,31.2841,14.3415,15.8361
12284,512,28.4773,31.4514,14.4413,16.377
12284,1024,28.6409,32.4103,14.7933,17.6782
12284,2048,29.0029,36.4777,15.14,20.2229
12284,4096,29.7911,42.5717,15.9819,24.8071
12284,8192,31.4493,55.1068,17.8947,35.1578
24572,64,67.7339,76.1937,32.1147,34.6023
24572,128,67.5583,76.0744,32.3122,34.9412
24572,256,67.9757,76.1923,32.3468,35.3675
24572,512,67.7767,76.7532,32.5285,36.8105
24572,1024,67.7703,79.9866,32.7484,39.4692
24572,2048,68.0022,85.0928,33.458,43.4277
24572,4096,69.5799,94.5941,34.284,51.89
24572,8192,71.9032,119.235,36.5377,71.9066
49148,64,151.787,167.329,77.763,82.3208
49148,128,149.1,165.428,77.6144,82.3752
49148,256,151.252,164.565,78.4118,83.4999
49148,512,151.733,173.201,79.404,86.9278
49148,1024,150.96,177.387,78.2196,90.269
49148,2048,151.241,184.771,79.5617,99.1496
49148,4096,153.018,200.643,79.5815,112.11
49148,8192,151.754,234.77,80.3515,146.016
98300,64,325.07,360.429,169.733,178.381
98300,128,324.574,357.941,169.803,179.777
98300,256,324.794,361.176,170.722,182.306
98300,512,326.931,365.123,170.023,185.971
98300,1024,324.781,374.26,171.002,193.729
98300,2048,330.197,390.526,172.223,208.602
98300,4096,325.928,423.486,172.428,236.924
98300,8192,330.779,512.191,175.654,322.052
196604,64,691.422,764.443,375.177,391.143
196604,128,693.006,766.705,375.256,394.512
196604,256,694.209,756.324,374.207,395.778
196604,512,691.989,764.071,373.162,402.429
196604,1024,695.915,796.542,373.601,416.949
196604,2048,686.2,817.574,374.977,445.466
196604,4096,697.432,891.562,375.495,506.908
196604,8192,692.177,1039.07,389.362,655.546
393212,64,1466.63,1610.96,804.471,837.017
393212,128,1468.63,1607.87,801.138,840.451
393212,256,1473,1617.31,799.837,847.846
393212,512,1486.4,1612.49,797.443,868.692
393212,1024,1566.7,1670.55,801.087,906.134
393212,2048,1470.81,1758.93,802.791,993.747
393212,4096,1595.99,1958.98,800.198,1169.67
393212,8192,1582.73,2356.25,805.362,1550.07
786428,64,3051.39,3209.44,1712.4,1741.62
786428,128,3064.29,3119.97,1714.73,1768.21
786428,256,3078.38,3193.97,1715.2,1809.13
786428,512,3039.68,3277.13,1710.18,1906.17
786428,1024,3072.96,3399.19,1708.34,2068.79
786428,2048,3074.85,3761.57,1714.92,2396.19
786428,4096,3063.99,4430.43,1715.07,3034.81
786428,8192,3036.22,5693.27,1719.29,4287.56
1572860,64,6534.72,7180.18,3680.16,3805.19
1572860,128,6566.54,7163.81,3669.43,3855.57
1572860,256,6506.58,7256.88,3687.95,3957.21
1572860,512,6552.44,7496.89,3666.69,4136.98
1572860,1024,6519.83,7847.47,3708.25,4516.02
1572860,2048,6579.5,8516.43,3676.81,5221.1
1572860,4096,6571.69,9909.41,3672.87,6581.48